3687409664.0
3687409664.0
3687416832.0
3687418624.0
3687418624.0
3687420672.0
3687420672.0
3687420928.0
3687422720.0
3687423488.0
3687423488.0
3687427072.0
3687427072.0
3687427328.0
3687428352.0
3687428864.0
3687428864.0
3687430400.0
3687430400.0
3687430400.0
3687430656.0
3687430912.0
3687430912.0
3687431424.0
3687431424.0
3687431424.0
3687431936.0
3687432192.0
3687432192.0
3687432960.0
3687432960.0
3687432960.0
3687434496.0
3687434752.0
3687434752.0
3687435008.0
3687435008.0
3687435008.0
3687433728.0
3687433728.0
3687433728.0
3687433728.0
3687433728.0
3687433728.0
3687433728.0
3687433728.0
3687433728.0
3687433984.0
3687433984.0
3687433984.0
3687432192.0
3687432192.0
3687432192.0
3687432192.0
3687432192.0
3687432192.0
3687432960.0
3687432960.0
3687432960.0
3687432960.0
3687432960.0
3687432704.0
3687433216.0
3687433216.0
3687433216.0
3687433216.0
3687433216.0
3687433216.0
3687434240.0
3687434240.0
3687434240.0
3687434240.0
3687434240.0
3687434496.0
3687433472.0
3687433472.0
3687433472.0
3687433472.0
3687433472.0
3687433472.0
3687433728.0
3687433728.0
3687433728.0
3687433984.0
3687433984.0
3687433984.0
3687433216.0
3687433216.0
3687433216.0
3687433216.0
3687433216.0
