3687358976.0
3687358976.0
3687366400.0
3687368192.0
3687368192.0
3687368704.0
3687368704.0
3687368960.0
3687372288.0
3687373056.0
3687373056.0
3687373056.0
3687373056.0
3687373312.0
3687373056.0
3687373312.0
3687373312.0
3687373312.0
3687373312.0
3687373312.0
3687372032.0
3687372288.0
3687372288.0
3687372544.0
3687372544.0
3687372544.0
3687372288.0
3687372288.0
3687372288.0
3687372544.0
3687372544.0
3687372544.0
3687373568.0
3687373568.0
3687373568.0
3687373568.0
3687373568.0
3687373568.0
3687374592.0
3687374592.0
3687374592.0
3687374848.0
3687374848.0
3687374848.0
3687373568.0
3687373568.0
3687373568.0
3687373568.0
3687373568.0
3687373568.0
3687373312.0
3687373568.0
3687373568.0
3687374080.0
3687374080.0
3687373824.0
3687374592.0
3687374592.0
3687374592.0
3687375104.0
3687375104.0
3687375104.0
3687375104.0
3687375104.0
3687375104.0
3687375360.0
3687375360.0
3687375360.0
3687375104.0
3687375104.0
3687375104.0
3687375360.0
3687375360.0
3687375616.0
3687376384.0
3687376384.0
3687376384.0
3687376384.0
3687376384.0
3687376384.0
3687376896.0
3687376896.0
3687376896.0
3687377152.0
3687377152.0
3687377152.0
3687375360.0
3687375360.0
3687375360.0
3687375616.0
3687375616.0
